# UV-VIS Spectrum
# X-Axis:  Excitation Energy (nm)
# Y-Axis:  Epsilon
#                  X                   Y               DY/DX
       50.0000000000        0.0000000000        0.0000000000
       50.8000000000        0.0000000000        0.0000000000
       51.6000000000        0.0000000000        0.0000000000
       52.4000000000        0.0000000000        0.0000000000
       53.2000000000        0.0000000000        0.0000000000
       54.0000000000        0.0000000000        0.0000000000
       54.8000000000        0.0000000000        0.0000000000
       55.6000000000        0.0000000000        0.0000000000
       56.4000000000        0.0000000000        0.0000000000
       57.2000000000        0.0000000000        0.0000000000
       58.0000000000        0.0000000000        0.0000000000
       58.8000000000        0.0000000000        0.0000000000
       59.6000000000        0.0000000000        0.0000000000
       60.4000000000        0.0000000000        0.0000000000
       61.2000000000        0.0000000000        0.0000000000
       62.0000000000        0.0000000000        0.0000000000
       62.8000000000        0.0000000000        0.0000000000
       63.6000000000        0.0000000000        0.0000000000
       64.4000000000        0.0000000000        0.0000000000
       65.2000000000        0.0000000000        0.0000000000
       66.0000000000        0.0000000000        0.0000000000
       66.8000000000        0.0000000000        0.0000000000
       67.6000000000        0.0000000000        0.0000000000
       68.4000000000        0.0000000000        0.0000000000
       69.2000000000        0.0000000000        0.0000000000
       70.0000000000        0.0000000000        0.0000000000
       70.8000000000        0.0000000000        0.0000000000
       71.6000000000        0.0000000000        0.0000000000
       72.4000000000        0.0000000000        0.0000000000
       73.2000000000        0.0000000000        0.0000000000
       74.0000000000        0.0000000000        0.0000000000
       74.8000000000        0.0000000000        0.0000000000
       75.6000000000        0.0000000000        0.0000000000
       76.4000000000        0.0000000000        0.0000000000
       77.2000000000        0.0000000000        0.0000000000
       78.0000000000        0.0000000000        0.0000000000
       78.8000000000        0.0000000000        0.0000000000
       79.6000000000        0.0000000000        0.0000000000
       80.4000000000        0.0000000000        0.0000000000
       81.2000000000        0.0000000000        0.0000000000
       82.0000000000        0.0000000000        0.0000000000
       82.8000000000        0.0000000000        0.0000000000
       83.6000000000        0.0000000000        0.0000000000
       84.4000000000        0.0000000000        0.0000000000
       85.2000000000        0.0000000000        0.0000000000
       86.0000000000        0.0000000000        0.0000000000
       86.8000000000        0.0000000000        0.0000000000
       87.6000000000        0.0000000000        0.0000000000
       88.4000000000        0.0000000000        0.0000000000
       89.2000000000        0.0000000000        0.0000000000
       90.0000000000        0.0000000000        0.0000000000
       90.8000000000        0.0000000000        0.0000000000
       91.6000000000        0.0000000000        0.0000000000
       92.4000000000        0.0000000000        0.0000000000
       93.2000000000        0.0000000000        0.0000000000
       94.0000000000        0.0000000000        0.0000000000
       94.8000000000        0.0000000000        0.0000000000
       95.6000000000        0.0000000000        0.0000000000
       96.4000000000        0.0000000000        0.0000000000
       97.2000000000        0.0000000000        0.0000000000
       98.0000000000        0.0000000000        0.0000000000
       98.8000000000        0.0000000000        0.0000000000
       99.6000000000        0.0000000000        0.0000000000
      100.4000000000        0.0000000000        0.0000000000
      101.2000000000        0.0000000000        0.0000000000
      102.0000000000        0.0000000000        0.0000000000
      102.8000000000        0.0000000000        0.0000000000
      103.6000000000        0.0000000000        0.0000000000
      104.4000000000        0.0000000000        0.0000000000
      105.2000000000        0.0000000000        0.0000000000
      106.0000000000        0.0000000000        0.0000000000
      106.8000000000        0.0000000000        0.0000000000
      107.6000000000        0.0000000000        0.0000000000
      108.4000000000        0.0000000000        0.0000000000
      109.2000000000        0.0000000000        0.0000000000
      110.0000000000        0.0000000000        0.0000000000
      110.8000000000        0.0000000000        0.0000000000
      111.6000000000        0.0000000000        0.0000000000
      112.4000000000        0.0000000000        0.0000000000
      113.2000000000        0.0000000000        0.0000000000
      114.0000000000        0.0000000000        0.0000000000
      114.8000000000        0.0000000000        0.0000000000
      115.6000000000        0.0000000000        0.0000000000
      116.4000000000        0.0000000000        0.0000000000
      117.2000000000        0.0000000000        0.0000000000
      118.0000000000        0.0000000000        0.0000000000
      118.8000000000        0.0000000000        0.0000000000
      119.6000000000        0.0000000000        0.0000000000
      120.4000000000        0.0000000000        0.0000000000
      121.2000000000        0.0000000000        0.0000000000
      122.0000000000        0.0000000000        0.0000000000
      122.8000000000        0.0000000000        0.0000000000
      123.6000000000        0.0000000000        0.0000000000
      124.4000000000        0.0000000000        0.0000000000
      125.2000000000        0.0000000000        0.0000000000
      126.0000000000        0.0000000000        0.0000000000
      126.8000000000        0.0000000000        0.0000000000
      127.6000000000        0.0000000000        0.0000000000
      128.4000000000        0.0000000000        0.0000000000
      129.2000000000        0.0000000000        0.0000000000
      130.0000000000        0.0000000000        0.0000000000
      130.8000000000        0.0000000000        0.0000000000
      131.6000000000        0.0000000000        0.0000000000
      132.4000000000        0.0000000000        0.0000000000
      133.2000000000        0.0000000000        0.0000000000
      134.0000000000        0.0000000000        0.0000000000
      134.8000000000        0.0000000000        0.0000000000
      135.6000000000        0.0000000000        0.0000000000
      136.4000000000        0.0000000000        0.0000000000
      137.2000000000        0.0000000000        0.0000000000
      138.0000000000        0.0000000000        0.0000000000
      138.8000000000        0.0000000000        0.0000000000
      139.6000000000        0.0000000000        0.0000000000
      140.4000000000        0.0000000001        0.0000000000
      141.2000000000        0.0000000002        0.0000000000
      142.0000000000        0.0000000009        0.0000000000
      142.8000000000        0.0000000034        0.0000000000
      143.6000000000        0.0000000125        0.0000000000
      144.4000000000        0.0000000436        0.0000000000
      145.2000000000        0.0000001465        0.0000000000
      146.0000000000        0.0000004724        0.0000000000
      146.8000000000        0.0000014642        0.0000000000
      147.6000000000        0.0000043668        0.0000000000
      148.4000000000        0.0000125448        0.0000000000
      149.2000000000        0.0000347487        0.0000000000
      150.0000000000        0.0000929006        0.0000000000
      150.8000000000        0.0002399484        0.0000000000
      151.6000000000        0.0005992933        0.0000000000
      152.4000000000        0.0014486835        0.0000000001
      153.2000000000        0.0033923422        0.0000000004
      154.0000000000        0.0077016942        0.0000000019
      154.8000000000        0.0169664593        0.0000000095
      155.6000000000        0.0362962861        0.0000000442
      156.4000000000        0.0754635139        0.0000001937
      157.2000000000        0.1525963220        0.0000008009
      158.0000000000        0.3003326106        0.0000031296
      158.8000000000        0.5757349906        0.0000115729
      159.6000000000        1.0757373585        0.0000405571
      160.4000000000        1.9604100200        0.0001348774
      161.2000000000        3.4868254229        0.0004262117
      162.0000000000        6.0566718425        0.0012813676
      162.8000000000       10.2808484722        0.0036695760
      163.6000000000       17.0639016875        0.0100222807
      164.4000000000       27.7101392875        0.0261350990
      165.2000000000       44.0514247151        0.0651434859
      166.0000000000       68.5939174347        0.1553723152
      166.8000000000      104.6774235436        0.3549629455
      167.6000000000      156.6367551163        0.7775613206
      168.4000000000      229.9499639491        1.6347400440
      169.2000000000      331.3540991128        3.3016426502
      170.0000000000      468.9059640516        6.4116280088
      170.8000000000      651.9639992223       11.9822286062
      171.6000000000      891.0686060659       21.5673319791
      172.4000000000     1197.7024686334       37.4185813141
      173.2000000000     1583.9198949037       62.6233598334
      174.0000000000     2061.8446296028      101.1701805775
      174.8000000000     2643.0482471319      157.8798638966
      175.6000000000     3337.8349388644      238.1391202486
      176.4000000000     4154.4717582179      347.3885079525
      177.2000000000     5098.4145288685      490.3530158552
      178.0000000000     6171.5870851151      670.0592889812
      178.8000000000     7371.7740395307      886.7503923538
      179.6000000000     8692.1841159260     1136.8719781765
      180.4000000000    10121.2321483374     1412.3439831471
      181.2000000000    11642.5737261221     1700.3320226477
      182.0000000000    13235.4083973591     1983.6822103334
      182.8000000000    14875.0470564999     2242.0840823548
      183.6000000000    16533.7186438688     2453.8944255731
      184.4000000000    18181.5726071757     2598.4173527376
      185.2000000000    19787.8185303014     2658.3252408374
      186.0000000000    21321.9343028161     2621.8498194995
      186.8000000000    22754.8699907371     2484.3894969991
      187.6000000000    24060.1763436099     2249.2675249255
      188.4000000000    25214.9941882739     1927.5178753602
      189.2000000000    26200.8528482149     1536.7408620671
      190.0000000000    27004.2408499248     1099.2229531270
      190.8000000000    27616.9290004888      639.6237095359
      191.6000000000    28036.0428959035      182.5780863292
      192.4000000000    28263.8976459140     -249.4590985342
      193.2000000000    28307.6209467714     -637.8763905964
      194.0000000000    28178.6008136633     -968.9362939529
      194.8000000000    27891.8008908898    -1234.1497252162
      195.6000000000    27464.9892421706    -1430.0710929508
      196.4000000000    26917.9261484907    -1557.6584916790
      197.2000000000    26271.5532069143    -1621.3724563436
      198.0000000000    25547.2205844812    -1628.1799976669
      198.8000000000    24765.9823596078    -1586.5979979859
      199.6000000000    23947.9821965224    -1505.8643070095
      200.4000000000    23111.9437972799    -1395.2783644094
      201.2000000000    22274.7732035747    -1263.7151273191
      202.0000000000    21451.2734872871    -1119.2913835449
      202.8000000000    20653.9669451968     -969.1527842679
      203.6000000000    19893.0157371374     -819.3504725619
      204.4000000000    19176.2289989331     -674.7836036557
      205.2000000000    18509.1427488009     -539.1936921338
      206.0000000000    17895.1582473163     -415.2048349854
      206.8000000000    17335.7246826187     -304.4082493762
      207.6000000000    16830.5529309227     -207.4896881492
      208.4000000000    16377.8484843587     -124.3949685577
      209.2000000000    15974.5532557074      -54.5237088608
      210.0000000000    15616.5877003872        3.0637107266
      210.8000000000    15299.0864095701       49.4443468967
      211.6000000000    15016.6219279170       85.6551341917
      212.4000000000    14763.4129715305      112.5563416247
      213.2000000000    14533.5144324110      130.7478746873
      214.0000000000    14320.9875459195      140.5435486483
      214.8000000000    14120.0493776428      142.0011369451
      215.6000000000    13925.2013791201      134.9992210202
      216.4000000000    13731.3371994237      119.3466125149
      217.2000000000    13533.8302558617       94.9070364547
      218.0000000000    13328.6017953697       61.7211162369
      218.8000000000    13112.1703479213       20.1093684907
      219.6000000000    12881.6836082145      -29.2565346951
      220.4000000000    12634.9338991140      -85.3221894675
      221.2000000000    12370.3584803207     -146.6612269542
      222.0000000000    12087.0260729483     -211.5259869341
      222.8000000000    11784.6110745904     -277.9313662318
      223.6000000000    11463.3570359061     -343.7620273627
      224.4000000000    11124.0310523819     -406.8914953689
      225.2000000000    10767.8707865255     -465.3014469598
      226.0000000000    10396.5258694824     -517.1905430550
      226.8000000000    10011.9954313621     -561.0641857676
      227.6000000000     9616.5634728454     -595.7992361645
      228.4000000000     9212.7337156158     -620.6806367674
      229.2000000000     8803.1654569611     -635.4097009910
      230.0000000000     8390.6118078891     -640.0862845468
      230.8000000000     7977.8615196036     -635.1689510646
      231.6000000000     7567.6854069345     -621.4184874508
      232.4000000000     7162.7881670072     -599.8307012648
      233.2000000000     6765.7661751269     -571.5644010867
      234.0000000000     6379.0716254954     -537.8699307735
      234.8000000000     6004.9831793265     -500.0227381044
      235.6000000000     5645.5830936194     -459.2653546954
      236.4000000000     5302.7406355055     -416.7599859100
      237.2000000000     4978.1014435918     -373.5527746623
      238.0000000000     4673.0823815375     -330.5498010896
      238.8000000000     4388.8713413133     -288.5040696454
      239.6000000000     4126.4313939982     -248.0121449437
      240.4000000000     3886.5086532633     -209.5187304270
      241.2000000000     3669.6432086149     -173.3273221092
      242.0000000000     3476.1824990797     -139.6150817247
      242.8000000000     3306.2965298517     -108.4502201767
      243.6000000000     3159.9943807646      -79.8104213232
      244.4000000000     3037.1415124913      -53.6011277331
      245.2000000000     2937.4774403788      -29.6728187543
      246.0000000000     2860.6334133140       -7.8367084110
      246.8000000000     2806.1498028255       12.1214449454
      247.6000000000     2773.4929730353       30.4295074286
      248.4000000000     2762.0714628168       47.3190427028
      249.2000000000     2771.2513658416       63.0171055555
      250.0000000000     2800.3708408447       77.7395137913
      250.8000000000     2848.7537226226       91.6853424052
      251.6000000000     2915.7222336834      105.0324056759
      252.4000000000     3000.6088171571      117.9335399820
      253.2000000000     3102.7671239783      130.5135625493
      254.0000000000     3221.5821921793      142.8668492835
      254.8000000000     3356.4798543412      155.0555397601
      255.6000000000     3506.9354019389      167.1084323027
      256.4000000000     3672.4815237289      179.0206716326
      257.2000000000     3852.7155207332      190.7543524931
      258.0000000000     4047.3057840632      202.2401635282
      258.8000000000     4255.9975050388      213.3801768709
      259.6000000000     4478.6175709538      224.0518523464
      260.4000000000     4715.0785854636      234.1132741287
      261.2000000000     4965.3819408230      243.4095763127
      262.0000000000     5229.6198608216      251.7804469497
      262.8000000000     5507.9763288109      259.0685326224
      263.6000000000     5800.7268150712      265.1285024508
      264.4000000000     6108.2367221157      269.8364758948
      265.2000000000     6430.9584753908      273.0994765008
      266.0000000000     6769.4272000363      274.8645465576
      266.8000000000     7124.2549416117      275.1271471862
      267.6000000000     7496.1234095034      273.9384753189
      268.4000000000     7885.7752455375      271.4113529308
      269.2000000000     8294.0038464526      267.7243834551
      270.0000000000     8721.6417966000      263.1241234492
      270.8000000000     9169.5479957350      257.9250815980
      271.6000000000     9638.5935952482      252.5074290000
      272.4000000000    10129.6468838394      247.3123811299
      273.2000000000    10643.5572896902      242.8352897021
      274.0000000000    11181.1386899200      239.6165588271
      274.8000000000    11743.1522388521      238.2305716273
      275.6000000000    12330.2889438012      239.2728785367
      276.4000000000    12943.1522302507      243.3459549707
      277.2000000000    13582.2407470543      251.0438825253
      278.0000000000    14247.9316664197      262.9363434024
      278.8000000000    14940.4647327865      279.5523418378
      279.6000000000    15659.9273092841      301.3640787888
      280.4000000000    16406.2406603495      328.7714071624
      281.2000000000    17179.1476945144      362.0872848573
      282.0000000000    17978.2023726430      401.5246224417
      282.8000000000    18802.7609644195      447.1848921645
      283.6000000000    19651.9753101232      499.0488260602
      284.4000000000    20524.7882162226      556.9694841452
      285.2000000000    21419.9310826561      620.6679201724
      286.0000000000    22335.9238274575      689.7316132663
      286.8000000000    23271.0771412630      763.6157702449
      287.6000000000    24223.4970708336      841.6475368838
      288.4000000000    25191.0918976574      923.0330882146
      289.2000000000    26171.5812455623     1006.8674996901
      290.0000000000    27162.5073206104     1092.1472342623
      290.8000000000    28161.2481578822     1177.7850167236
      291.6000000000    29165.0327235244     1262.6268076755
      292.4000000000    30170.9576970270     1345.4705367799
      293.2000000000    31176.0057384185     1425.0862099942
      294.0000000000    32177.0650281758     1500.2369696122
      294.8000000000    33170.9498542991     1569.7006602428
      295.6000000000    34154.4220113067     1632.2914392028
      296.4000000000    35124.2127698832     1686.8809667299
      297.2000000000    36077.0451735300     1732.4187201361
      298.0000000000    37009.6564197089     1767.9509963690
      298.8000000000    37918.8200874914     1792.6381989032
      299.6000000000    38801.3679813942     1805.7700465800
      300.4000000000    39654.2113716701     1806.7783927371
      301.2000000000    40474.3614245089     1795.2474012386
      302.0000000000    41258.9486310921     1770.9208901053
      302.8000000000    42005.2410618824     1733.7067214535
      303.6000000000    42710.6612915617     1683.6781863970
      304.4000000000    43372.8018603043     1621.0724034130
      305.2000000000    43989.4391582224     1546.2858164535
      306.0000000000    44558.5456414953     1459.8669429351
      306.8000000000    45078.3003105566     1362.5065799717
      307.6000000000    45547.0974024416     1255.0257283806
      308.4000000000    45963.5532706912     1138.3615369097
      309.2000000000    46326.5114467981     1013.5516029197
      310.0000000000    46635.0458968180      881.7169898670
      310.8000000000    46888.4625052441      744.0443361159
      311.6000000000    47086.2988353719      601.7674339636
      312.4000000000    47228.3222310137      456.1486526508
      313.2000000000    47314.5263384486      308.4605651977
      314.0000000000    47345.1261398196      159.9681170178
      314.8000000000    47320.5515997688       11.9116454700
      315.6000000000    47241.4400359091     -134.5089750017
      316.4000000000    47108.6273307612     -278.1488264422
      317.2000000000    46923.1381080846     -417.9308860544
      318.0000000000    46686.1750001244     -552.8572602325
      318.8000000000    46399.1071342795     -682.0186086712
      319.6000000000    46063.4579681433     -804.6016970607
      320.4000000000    45680.8926008791     -919.8950589753
      321.2000000000    45253.2046865920    -1027.2927870110
      322.0000000000    44782.3030718570    -1126.2965092517
      322.8000000000    44270.1982750002    -1216.5156391195
      323.6000000000    43718.9889192304    -1297.6660141406
      324.4000000000    43130.8482254201    -1369.5670618408
      325.2000000000    42508.0106633748    -1432.1376487471
      326.0000000000    41852.7588529324    -1485.3907813215
      326.8000000000    41167.4107983319    -1529.4273357354
      327.6000000000    40454.3075311078    -1564.4289969587
      328.4000000000    39715.8012284081    -1590.6505870439
      329.2000000000    38954.2438652222    -1608.4119581419
      330.0000000000    38171.9764506216    -1618.0896181748
      330.8000000000    37371.3188898690    -1620.1082467190
      331.6000000000    36554.5605062061    -1614.9322460417
      332.4000000000    35723.9512483661    -1603.0574579060
      333.2000000000    34881.6936024310    -1585.0031612311
      334.0000000000    34029.9352196206    -1561.3044494340
      334.8000000000    33170.7622649985    -1532.5050697381
      335.6000000000    32306.1934859476    -1499.1507903145
      336.4000000000    31438.1749936215    -1461.7833451584
      337.2000000000    30568.5757454477    -1420.9349914126
      338.0000000000    29699.1837121362    -1377.1236996565
      338.8000000000    28831.7027085518    -1330.8489846799
      339.6000000000    27967.7498642235    -1282.5883725933
      340.4000000000    27108.8537061907    -1232.7944898755
      341.2000000000    26256.4528243004    -1181.8927511695
      342.0000000000    25411.8950869617    -1130.2796153184
      342.8000000000    24576.4373737061    -1078.3213732478
      343.6000000000    23751.2457896765    -1026.3534267950
      344.4000000000    22937.3963263343     -974.6800143774
      345.2000000000    22135.8759322266     -923.5743373801
      346.0000000000    21347.5839575351     -873.2790402083
      346.8000000000    20573.3339363349     -824.0069969834
      347.6000000000    19813.8556709672     -775.9423587212
      348.4000000000    19069.7975836626     -729.2418163986
      349.2000000000    18341.7293015050     -684.0360374646
      350.0000000000    17630.1444419656     -640.4312359594
      350.8000000000    16935.4635675423     -598.5108393617
      351.6000000000    16258.0372794787     -558.3372184838
      352.4000000000    15598.1494220858     -519.9534500826
      353.2000000000    14956.0203708205     -483.3850852655
      354.0000000000    14331.8103789727     -448.6419001766
      354.8000000000    13725.6229595455     -415.7196087795
      355.6000000000    13137.5082806736     -384.6015207667
      356.4000000000    12567.4665546841     -355.2601306687
      357.2000000000    12015.4514026570     -327.6586270921
      358.0000000000    11481.3731780666     -301.7523136434
      358.8000000000    10965.1022347724     -277.4899354951
      359.6000000000    10466.4721262703     -254.8149077050
      360.4000000000     9985.2827246948     -233.6664433083
      361.2000000000     9521.3032495829     -213.9805808688
      362.0000000000     9074.2751978576     -195.6911126083
      362.8000000000     8643.9151678602     -178.7304154365
      363.6000000000     8229.9175715556     -163.0301882024
      364.4000000000     7831.9572302420     -148.5220992827
      365.2000000000     7449.6918502311     -135.1383492414
      366.0000000000     7082.7643760022     -122.8121537510
      366.8000000000     6730.8052193009     -111.4781522719
      367.6000000000     6393.4343635296     -101.0727481701
      368.4000000000     6070.2633435732      -91.5343860214
      369.2000000000     5760.8971019273      -82.8037718253
      370.0000000000     5464.9357226335      -74.8240417475
      370.8000000000     5181.9760451023      -67.5408848389
      371.6000000000     4911.6131603989      -60.9026249565
      372.4000000000     4653.4417930043      -54.8602668480
      373.2000000000     4407.0575714332      -49.3675110711
      374.0000000000     4172.0581914026      -44.3807421015
      374.8000000000     3948.0444755010      -39.8589936619
      375.6000000000     3734.6213335152      -35.7638949723
      376.4000000000     3531.3986277288      -32.0596012903
      377.2000000000     3337.9919476209      -28.7127117894
      378.0000000000     3154.0232984707      -25.6921775055
      378.8000000000     2979.1217084104      -22.9692017839
      379.6000000000     2812.9237584786      -20.5171353692
      380.4000000000     2655.0740402004      -18.3113680149
      381.2000000000     2505.2255451765      -16.3292182366
      382.0000000000     2363.0399910893      -14.5498226012
      382.8000000000     2228.1880884475      -12.9540257337
      383.6000000000     2100.3497522785      -11.5242720267
      384.4000000000     1979.2142628612      -10.2444998648
      385.2000000000     1864.4803794553       -9.1000390198
      386.0000000000     1755.8564108383       -8.0775117306
      386.8000000000     1653.0602463145       -7.1647378615
      387.6000000000     1555.8193506984       -6.3506444229
      388.4000000000     1463.8707266156       -5.6251796443
      389.2000000000     1376.9608473008       -4.9792317118
      390.0000000000     1294.8455629047       -4.4045522095
      390.8000000000     1217.2899831584       -3.8936842509
      391.6000000000     1144.0683390777       -3.4398952345
      392.4000000000     1074.9638262273       -3.0371141221
      393.2000000000     1009.7684319061       -2.6798731055
      394.0000000000      948.2827484565       -2.3632535009
      394.8000000000      890.3157747510       -2.0828356971
      395.6000000000      835.6847077586       -1.8346529633
      396.4000000000      784.2147259530       -1.6151489207
      397.2000000000      735.7387661884       -1.4211384715
      398.0000000000      690.0972955327       -1.2497719797
      398.8000000000      647.1380794274       -1.0985024996
      399.6000000000      606.7159474204       -0.9650558497
      400.4000000000      568.6925576042       -0.8474033340
      401.2000000000      532.9361607857       -0.7437369215
      402.0000000000      499.3213653110       -0.6524466996
      402.8000000000      467.7289033723       -0.5721004263
      403.6000000000      438.0453995355       -0.5014250153
      404.4000000000      410.1631421408       -0.4392897950
      405.2000000000      383.9798581522       -0.3846913954
      406.0000000000      359.3984919566       -0.3367401210
      406.8000000000      336.3269885471       -0.2946476830
      407.6000000000      314.6780814592       -0.2577161669
      408.4000000000      294.3690857750       -0.2253281256
      409.2000000000      275.3216964524       -0.1969376923
      410.0000000000      257.4617921905       -0.1720626190
      410.8000000000      240.7192449963       -0.1502771516
      411.6000000000      225.0277355766       -0.1312056605
      412.4000000000      210.3245746437       -0.1145169533
      413.2000000000      196.5505301872       -0.0999192015
      414.0000000000      183.6496607369       -0.0871554190
      414.8000000000      171.5691546129       -0.0759994376
      415.6000000000      160.2591751347       -0.0662523263
      416.4000000000      149.6727117418       -0.0577392105
      417.2000000000      139.7654369568       -0.0503064474
      418.0000000000      130.4955691065       -0.0438191203
      418.8000000000      121.8237407038       -0.0381588184
      419.6000000000      113.7128723765       -0.0332216697
      420.4000000000      106.1280522249       -0.0289166010
      421.2000000000       99.0364204738       -0.0251637994
      422.0000000000       92.4070592848       -0.0218933523
      422.8000000000       86.2108875822       -0.0190440471
      423.6000000000       80.4205607465       -0.0165623124
      424.4000000000       75.0103750218       -0.0144012839
      425.2000000000       69.9561764848       -0.0125199817
      426.0000000000       65.2352744187       -0.0108825860
      426.8000000000       60.8263589358       -0.0094577996
      427.6000000000       56.7094226935       -0.0082182868
      428.4000000000       52.8656865472       -0.0071401812
      429.2000000000       49.2775289877       -0.0062026525
      430.0000000000       45.9284192096       -0.0053875266
      430.8000000000       42.8028536623       -0.0046789521
      431.6000000000       39.8862959357       -0.0040631081
      432.4000000000       37.1651198373       -0.0035279473
      433.2000000000       34.6265555198       -0.0030629723
      434.0000000000       32.2586385220       -0.0026590382
      434.8000000000       30.0501615905       -0.0023081809
      435.6000000000       27.9906291521       -0.0020034662
      436.4000000000       26.0702143112       -0.0017388586
      437.2000000000       24.2797182521       -0.0015091057
      438.0000000000       22.6105319273       -0.0013096379
      438.8000000000       21.0545999206       -0.0011364806
      439.6000000000       19.6043863743       -0.0009861771
      440.4000000000       18.2528428774       -0.0008557223
      441.2000000000       16.9933782128       -0.0007425038
      442.0000000000       15.8198298679       -0.0006442511
      442.8000000000       14.7264372155       -0.0005589913
      443.6000000000       13.7078162768       -0.0004850105
      444.4000000000       12.7589359814       -0.0004208197
      445.2000000000       11.8750958436       -0.0003651256
      446.0000000000       11.0519049771       -0.0003168053
      446.8000000000       10.2852623759       -0.0002748838
      447.6000000000        9.5713383889       -0.0002385144
      448.4000000000        8.9065573229       -0.0002069624
      449.2000000000        8.2875811104       -0.0001795899
