# UV-VIS Spectrum
# X-Axis:  Excitation Energy (nm)
# Y-Axis:  Epsilon
#                  X                   Y               DY/DX
      100.0000000000        0.0000000000        0.0000000000
      100.8000000000        0.0000000000        0.0000000000
      101.6000000000        0.0000000000        0.0000000000
      102.4000000000        0.0000000000        0.0000000000
      103.2000000000        0.0000000000        0.0000000000
      104.0000000000        0.0000000000        0.0000000000
      104.8000000000        0.0000000000        0.0000000000
      105.6000000000        0.0000000000        0.0000000000
      106.4000000000        0.0000000000        0.0000000000
      107.2000000000        0.0000000000        0.0000000000
      108.0000000000        0.0000000000        0.0000000000
      108.8000000000        0.0000000000        0.0000000000
      109.6000000000        0.0000000000        0.0000000000
      110.4000000000        0.0000000000        0.0000000000
      111.2000000000        0.0000000000        0.0000000000
      112.0000000000        0.0000000000        0.0000000000
      112.8000000000        0.0000000000        0.0000000000
      113.6000000000        0.0000000000        0.0000000000
      114.4000000000        0.0000000000        0.0000000000
      115.2000000000        0.0000000000        0.0000000000
      116.0000000000        0.0000000000        0.0000000000
      116.8000000000        0.0000000000        0.0000000000
      117.6000000000        0.0000000000        0.0000000000
      118.4000000000        0.0000000000        0.0000000000
      119.2000000000        0.0000000000        0.0000000000
      120.0000000000        0.0000000000        0.0000000000
      120.8000000000        0.0000000000        0.0000000000
      121.6000000000        0.0000000000        0.0000000000
      122.4000000000        0.0000000000        0.0000000000
      123.2000000000        0.0000000000        0.0000000000
      124.0000000000        0.0000000000        0.0000000000
      124.8000000000        0.0000000000        0.0000000000
      125.6000000000        0.0000000000        0.0000000000
      126.4000000000        0.0000000000        0.0000000000
      127.2000000000        0.0000000000        0.0000000000
      128.0000000000        0.0000000000        0.0000000000
      128.8000000000        0.0000000000        0.0000000000
      129.6000000000        0.0000000000        0.0000000000
      130.4000000000        0.0000000000        0.0000000000
      131.2000000000        0.0000000000        0.0000000000
      132.0000000000        0.0000000000        0.0000000000
      132.8000000000        0.0000000000        0.0000000000
      133.6000000000        0.0000000000        0.0000000000
      134.4000000000        0.0000000000        0.0000000000
      135.2000000000        0.0000000000        0.0000000000
      136.0000000000        0.0000000000        0.0000000000
      136.8000000000        0.0000000000        0.0000000000
      137.6000000000        0.0000000000        0.0000000000
      138.4000000000        0.0000000000        0.0000000000
      139.2000000000        0.0000000000        0.0000000000
      140.0000000000        0.0000000000        0.0000000000
      140.8000000000        0.0000000000        0.0000000000
      141.6000000000        0.0000000000        0.0000000000
      142.4000000000        0.0000000000        0.0000000000
      143.2000000000        0.0000000000        0.0000000000
      144.0000000000        0.0000000000        0.0000000000
      144.8000000000        0.0000000000        0.0000000000
      145.6000000000        0.0000000000        0.0000000000
      146.4000000000        0.0000000000        0.0000000000
      147.2000000000        0.0000000000        0.0000000000
      148.0000000000        0.0000000000        0.0000000000
      148.8000000000        0.0000000000        0.0000000000
      149.6000000000        0.0000000000        0.0000000000
      150.4000000000        0.0000000000        0.0000000000
      151.2000000000        0.0000000000        0.0000000000
      152.0000000000        0.0000000000        0.0000000000
      152.8000000000        0.0000000000        0.0000000000
      153.6000000000        0.0000000000        0.0000000000
      154.4000000000        0.0000000000        0.0000000000
      155.2000000000        0.0000000000        0.0000000000
      156.0000000000        0.0000000000        0.0000000000
      156.8000000000        0.0000000000        0.0000000000
      157.6000000000        0.0000000000        0.0000000000
      158.4000000000        0.0000000000        0.0000000000
      159.2000000000        0.0000000000        0.0000000000
      160.0000000000        0.0000000000        0.0000000000
      160.8000000000        0.0000000000        0.0000000000
      161.6000000000        0.0000000000        0.0000000000
      162.4000000000        0.0000000000        0.0000000000
      163.2000000000        0.0000000000        0.0000000000
      164.0000000000        0.0000000000        0.0000000000
      164.8000000000        0.0000000000        0.0000000000
      165.6000000000        0.0000000000        0.0000000000
      166.4000000000        0.0000000000        0.0000000000
      167.2000000000        0.0000000000        0.0000000000
      168.0000000000        0.0000000000        0.0000000000
      168.8000000000        0.0000000000        0.0000000000
      169.6000000000        0.0000000000        0.0000000000
      170.4000000000        0.0000000000        0.0000000000
      171.2000000000        0.0000000000        0.0000000000
      172.0000000000        0.0000000000        0.0000000000
      172.8000000000        0.0000000000        0.0000000000
      173.6000000000        0.0000000000        0.0000000000
      174.4000000000        0.0000000000        0.0000000000
      175.2000000000        0.0000000000        0.0000000000
      176.0000000000        0.0000000000        0.0000000000
      176.8000000000        0.0000000000        0.0000000000
      177.6000000000        0.0000000000        0.0000000000
      178.4000000000        0.0000000000        0.0000000000
      179.2000000000        0.0000000000        0.0000000000
      180.0000000000        0.0000000000        0.0000000000
      180.8000000000        0.0000000000        0.0000000000
      181.6000000000        0.0000000000        0.0000000000
      182.4000000000        0.0000000000        0.0000000000
      183.2000000000        0.0000000000        0.0000000000
      184.0000000000        0.0000000000        0.0000000000
      184.8000000000        0.0000000001        0.0000000000
      185.6000000000        0.0000000002        0.0000000000
      186.4000000000        0.0000000004        0.0000000000
      187.2000000000        0.0000000009        0.0000000000
      188.0000000000        0.0000000020        0.0000000000
      188.8000000000        0.0000000041        0.0000000000
      189.6000000000        0.0000000085        0.0000000000
      190.4000000000        0.0000000174        0.0000000000
      191.2000000000        0.0000000348        0.0000000000
      192.0000000000        0.0000000689        0.0000000000
      192.8000000000        0.0000001341        0.0000000000
      193.6000000000        0.0000002575        0.0000000000
      194.4000000000        0.0000004875        0.0000000000
      195.2000000000        0.0000009101        0.0000000000
      196.0000000000        0.0000016763        0.0000000000
      196.8000000000        0.0000030470        0.0000000000
      197.6000000000        0.0000054668        0.0000000000
      198.4000000000        0.0000096840        0.0000000000
      199.2000000000        0.0000169416        0.0000000000
      200.0000000000        0.0000292772        0.0000000000
      200.8000000000        0.0000499904        0.0000000000
      201.6000000000        0.0000843582        0.0000000000
      202.4000000000        0.0001407185        0.0000000000
      203.2000000000        0.0002320894        0.0000000000
      204.0000000000        0.0003785598        0.0000000000
      204.8000000000        0.0006107760        0.0000000000
      205.6000000000        0.0009749642        0.0000000001
      206.4000000000        0.0015400815        0.0000000002
      207.2000000000        0.0024078769        0.0000000004
      208.0000000000        0.0037268824        0.0000000009
      208.8000000000        0.0057116477        0.0000000022
      209.6000000000        0.0086688843        0.0000000050
      210.4000000000        0.0130326009        0.0000000115
      211.2000000000        0.0194107998        0.0000000257
      212.0000000000        0.0286468540        0.0000000564
      212.8000000000        0.0418992973        0.0000001215
      213.6000000000        0.0607444260        0.0000002570
      214.4000000000        0.0873068045        0.0000005341
      215.2000000000        0.1244234777        0.0000010901
      216.0000000000        0.1758483702        0.0000021865
      216.8000000000        0.2465039741        0.0000043110
      217.6000000000        0.3427879259        0.0000083578
      218.4000000000        0.4729424034        0.0000159379
      219.2000000000        0.6474943694        0.0000299030
      220.0000000000        0.8797744807        0.0000552172
      220.8000000000        1.1865219095        0.0001003768
      221.6000000000        1.5885813122        0.0001796855
      222.4000000000        2.1116966953        0.0003168348
      223.2000000000        2.7874048970        0.0005504390
      224.0000000000        3.6540288340        0.0009424443
      224.8000000000        4.7577675300        0.0015906840
      225.6000000000        6.1538762849        0.0026472983
      226.4000000000        7.9079262215        0.0043452945
      227.2000000000       10.0971279454        0.0070361855
      228.0000000000       12.8116993101        0.0112424023
      228.8000000000       16.1562524547        0.0177290122
      229.6000000000       20.2511705644        0.0276001303
      230.4000000000       25.2339404292        0.0424262189
      231.2000000000       31.2604030690        0.0644091274
      232.0000000000       38.5058817118        0.0965920919
      232.8000000000       47.1661445015        0.1431218364
      233.6000000000       57.4581587049        0.2095691973
      234.4000000000       69.6205940856        0.3033131543
      235.2000000000       83.9140356851        0.4339905834
      236.0000000000      100.6208706003        0.6140103166
      236.8000000000      120.0448195221        0.8591250865
      237.6000000000      142.5100917633        1.1890486451
      238.4000000000      168.3601521531        1.6280978910
      239.2000000000      197.9560993070        2.2058314617
      240.0000000000      231.6746671203        2.9576473628
      240.8000000000      269.9058745288        3.9252934002
      241.6000000000      313.0503622017        5.1572361755
      242.4000000000      361.5164684064        6.7088280623
      243.2000000000      415.7171092927        8.6422078314
      244.0000000000      476.0665407464       11.0258703547
      244.8000000000      542.9770892266       13.9338449614
      245.6000000000      616.8559471114       17.4444311981
      246.4000000000      698.1021335721       21.6384553853
      247.2000000000      787.1037244743       26.5970314968
      248.0000000000      884.2354539569       32.3988351622
      248.8000000000      989.8567859696       39.1169291639
      249.6000000000     1104.3105460500       46.8152113716
      250.4000000000     1227.9221920556       55.5445899138
      251.2000000000     1360.9997875844       65.3390234530
      252.0000000000     1503.8347237277       76.2115944179
      252.8000000000     1656.7032140226       88.1508075923
      253.6000000000     1819.8685645412      101.1173232941
      254.4000000000     1993.5841965968      115.0413415388
      255.2000000000     2178.0973742746      129.8208495271
      256.0000000000     2373.6535636670      145.3209286461
      256.8000000000     2580.5013260879      161.3742887026
      257.6000000000     2798.8976244659      177.7831569352
      258.4000000000     3029.1134013195      194.3225988301
      259.2000000000     3271.4392689257      210.7452890030
      260.0000000000     3526.1911381399      226.7876861250
      260.8000000000     3793.7156023546      242.1774992175
      261.6000000000     4074.3948877221      256.6422670637
      262.4000000000     4368.6511803104      269.9188114235
      263.2000000000     4676.9501454718      281.7632714907
      264.0000000000     4999.8034643821      291.9613844755
      264.8000000000     5337.7702273327      300.3386476654
      265.6000000000     5691.4570426431      306.7699824315
      266.4000000000     6061.5167435980      311.1885212672
      267.2000000000     6448.6456030752      313.5931550929
      268.0000000000     6853.5789958758      314.0545090140
      268.8000000000     7277.0854814790      312.7190590293
      269.6000000000     7719.9593142350      309.8111578259
      270.4000000000     8183.0114230508      305.6328023113
      271.2000000000     8667.0589375692      300.5610461742
      272.0000000000     9172.9133718588      295.0430346772
      272.8000000000     9701.3676088973      289.5887132642
      273.6000000000    10253.1818588909      284.7613337599
      274.4000000000    10829.0687910297      281.1659495972
      275.2000000000    11429.6780610241      279.4361526322
      276.0000000000    12055.5804751906      280.2193570817
      276.8000000000    12707.2520455622      284.1609797628
      277.6000000000    13385.0581991992      291.8878993293
      278.4000000000    14089.2384084128      303.9916001497
      279.2000000000    14819.8915069522      321.0114187388
      280.0000000000    15576.9619504138      343.4183123842
      280.8000000000    16360.2272674133      371.5995611433
      281.6000000000    17169.2869317109      405.8447962339
      282.4000000000    18003.5528648864      446.3337206414
      283.2000000000    18862.2417548094      493.1258522252
      284.0000000000    19744.3693475669      546.1525765528
      284.8000000000    20648.7468403133      605.2117469915
      285.6000000000    21573.9794703042      669.9650142189
      286.4000000000    22518.4673618465      739.9380073303
      287.2000000000    23480.4086586770      814.5234252846
      288.0000000000    24457.8049350482      892.9870317983
      288.8000000000    25448.4688451592      974.4764803456
      289.6000000000    26450.0339381351     1058.0328301086
      290.4000000000    27459.9665350630     1142.6045500826
      291.2000000000    28475.5795361425     1227.0637486494
      292.0000000000    29494.0480002193     1310.2243113543
      292.8000000000    30512.4263162189     1390.8615818777
      293.6000000000    31527.6667665533     1467.7331816699
      294.4000000000    32536.6392666683     1539.6005336573
      295.2000000000    33536.1520526537     1605.2506358194
      296.0000000000    34522.9730803355     1663.5176219977
      296.8000000000    35493.8518944821     1713.3036504381
      297.6000000000    36445.5417256359     1753.5986753199
      298.4000000000    37374.8215744695     1783.4986825854
      299.2000000000    38278.5180492925     1802.2220080693
      300.0000000000    39153.5267311560     1809.1234022112
      300.8000000000    39996.8328526330     1803.7055601921
      301.6000000000    40805.5310904992     1785.6278975607
      302.4000000000    41576.8442888493     1754.7124175082
      303.2000000000    42308.1409473156     1710.9465849676
      304.0000000000    42996.9513286416     1654.4831926490
      304.8000000000    43640.9820605418     1585.6372729693
      305.6000000000    44238.1291281867     1504.8801756800
      306.4000000000    44786.4891754391     1412.8309920543
      307.2000000000    45284.3690548030     1310.2455611953
      308.0000000000    45730.2935876115     1198.0033410541
      308.8000000000    46123.0115169884     1077.0924650642
      309.6000000000    46461.4996563055      948.5933341860
      310.4000000000    46744.9652549980      813.6611132236
      311.2000000000    46972.8466214822      673.5075094434
      312.0000000000    47144.8120593902      529.3822110168
      312.8000000000    47260.7571882479      382.5543531507
      313.6000000000    47320.8007329821      234.2943616993
      314.4000000000    47325.2788781736       85.8564985422
      315.2000000000    47274.7382927439      -61.5375988066
      316.0000000000    47169.9279387479     -206.7141278080
      316.8000000000    47011.7897841791     -348.5608668530
      317.6000000000    46801.4485441944     -486.0392848488
      318.4000000000    46540.2005780120     -618.1948870330
      319.2000000000    46229.5020699930     -744.1657138750
      320.0000000000    45870.9566231895     -863.1889529933
      320.8000000000    45466.3023920324     -974.6056648896
      321.6000000000    45017.3988779631    -1077.8636611204
      322.4000000000    44526.2135078038    -1172.5186075867
      323.2000000000    43994.8081096549    -1258.2334553846
      324.0000000000    43425.3253952247    -1334.7763267636
      324.8000000000    42819.9755508823    -1402.0170039568
      325.6000000000    42181.0230325054    -1459.9221839416
      326.4000000000    41510.7736515072    -1508.5496726216
      327.2000000000    40811.5620313831    -1548.0416977006
      328.0000000000    40085.7395058601    -1578.6175209564
      328.8000000000    39335.6625213388    -1600.5655280864
      329.6000000000    38563.6815979316    -1614.2349682590
      330.4000000000    37772.1308950788    -1620.0275064426
      331.2000000000    36963.3184195788    -1618.3887400234
      332.0000000000    36139.5169059644    -1609.7998176895
      332.8000000000    35302.9553915600    -1594.7692835628
      333.6000000000    34455.8115013203    -1573.8252536093
      334.4000000000    33600.2044507372    -1547.5080148991
      335.2000000000    32738.1887687288    -1516.3631217653
      336.0000000000    31871.7487365339    -1480.9350466693
      336.8000000000    31002.7935332490    -1441.7614279776
      337.6000000000    30133.1530737624    -1399.3679421276
      338.4000000000    29264.5745204847    -1354.2638140474
      339.2000000000    28398.7194464331    -1306.9379673457
      340.0000000000    27537.1616238963    -1257.8558048177
      340.8000000000    26681.3854100792    -1207.4566002924
      341.6000000000    25832.7846987792    -1156.1514747919
      342.4000000000    24992.6624052643    -1104.3219233746
      343.2000000000    24162.2304500820    -1052.3188538522
      344.0000000000    23342.6102065004    -1000.4620947188
      344.8000000000    22534.8333756414     -949.0403270382
      345.6000000000    21739.8432530877     -898.3113935736
      346.4000000000    20958.4963507851     -848.5029380117
      347.2000000000    20191.5643384075     -799.8133275929
      348.0000000000    19439.7362689561     -752.4128136901
      348.8000000000    18703.6210542110     -706.4448867540
      349.6000000000    17983.7501566986     -662.0277844321
      350.4000000000    17280.5804660638     -619.2561144691
      351.2000000000    16594.4973291109     -578.2025570832
      352.0000000000    15925.8177042697     -538.9196147997
      352.8000000000    15274.7934128368     -501.4413811113
      353.6000000000    14641.6144610065     -465.7853027545
      354.4000000000    14026.4124084223     -431.9539137634
      355.2000000000    13429.2637607268     -399.9365227429
      356.0000000000    12850.1933653502     -369.7108379359
      356.8000000000    12289.1777915321     -341.2445176120
      357.6000000000    11746.1486773116     -314.4966360480
      358.4000000000    11220.9960279274     -289.4190578881
      359.2000000000    10713.5714517327     -265.9577159483
      360.0000000000    10223.6913213422     -244.0537895595
      360.8000000000     9751.1398492793     -223.6447823340
      361.6000000000     9295.6720688730     -204.6654997853
      362.4000000000     8857.0167125644     -187.0489285503
      363.2000000000     8434.8789811166     -170.7270200612
      364.0000000000     8028.9431984694     -155.6313824077
      364.8000000000     7638.8753481550     -141.6938848378
      365.6000000000     7264.3254882721     -128.8471798764
      366.4000000000     6904.9300430223     -117.0251484248
      367.2000000000     6560.3139697285     -106.1632734425
      368.0000000000     6230.0928010958      -96.1989479389
      368.8000000000     5913.8745632328      -87.0717230218
      369.6000000000     5611.2615706294      -78.7235016830
      370.4000000000     5321.8520998976      -71.0986838603
      371.2000000000     5045.2419446105      -64.1442681203
      372.0000000000     4781.0258540465      -57.8099150587
      372.8000000000     4528.7988590426      -52.0479772372
      373.6000000000     4288.1574885042      -46.8135001733
      374.4000000000     4058.7008804010      -42.0641985754
      375.2000000000     3840.0317913100      -37.7604116907
      376.0000000000     3631.7575087468      -33.8650412994
      376.8000000000     3433.4906706650      -30.3434755634
      377.6000000000     3244.8499965930      -27.1635016164
      378.4000000000     3065.4609349411      -24.2952094749
      379.2000000000     2894.9562310268      -21.7108895562
      380.0000000000     2732.9764203652      -19.3849258093
      380.8000000000     2579.1702517288      -17.2936862087
      381.6000000000     2433.1950444287      -15.4154121150
      382.4000000000     2294.7169841808      -13.7301077878
      383.2000000000     2163.4113618278      -12.2194311322
      384.0000000000     2038.9627590683      -10.8665865742
      384.8000000000     1921.0651852196       -9.6562207978
      385.6000000000     1809.4221688986       -8.5743219264
      386.4000000000     1703.7468083610       -7.6081225996
      387.2000000000     1603.7617840810       -6.7460072836
      388.0000000000     1509.1993369969       -5.9774240495
      388.8000000000     1419.8012156826       -5.2928009691
      389.6000000000     1335.3185955422       -4.6834672033
      390.4000000000     1255.5119729574       -4.1415787935
      391.2000000000     1180.1510371531       -3.6600491155
      392.0000000000     1109.0145223822       -3.2324839122
      392.8000000000     1041.8900428708       -2.8531207838
      393.6000000000      978.5739128033       -2.5167729897
      394.4000000000      918.8709534776       -2.2187773932
      395.2000000000      862.5942896058       -1.9549463635
      396.0000000000      809.5651365936       -1.7215234410
      396.8000000000      759.6125804894       -1.5151425632
      397.6000000000      712.5733521634       -1.3327906452
      398.4000000000      668.2915971426       -1.1717733103
      399.2000000000      626.6186424106       -1.0296835656
      400.0000000000      587.4127613597       -0.9043732240
      400.8000000000      550.5389379746       -0.7939268784
      401.6000000000      515.8686312221       -0.6966382400
      402.4000000000      483.2795405201       -0.6109886630
      403.2000000000      452.6553730687       -0.5356276831
      404.0000000000      423.8856137389       -0.4693554089
      404.8000000000      396.8652981314       -0.4111066127
      405.6000000000      371.4947893428       -0.3599363772
      406.4000000000      347.6795589074       -0.3150071639
      407.2000000000      325.3299723151       -0.2755771772
      408.0000000000      304.3610794461       -0.2409899087
      408.8000000000      284.6924102090       -0.2106647521
      409.6000000000      266.2477756149       -0.1840885912
      410.4000000000      248.9550744760       -0.1608082664
      411.2000000000      232.7461058717       -0.1404238377
      412.0000000000      217.5563874893       -0.1225825652
      412.8000000000      203.3249799078       -0.1069735367
      413.6000000000      189.9943168643       -0.0933228779
      414.4000000000      177.5100415129       -0.0813894856
      415.2000000000      165.8208486591       -0.0709612319
      416.0000000000      154.8783329321       -0.0618515885
      416.8000000000      144.6368428364       -0.0538966287
      417.6000000000      135.0533406057       -0.0469523677
      418.4000000000      126.0872677671       -0.0408924026
      419.2000000000      117.7004163117       -0.0356058230
      420.0000000000      109.8568053534       -0.0309953608
      420.8000000000      102.5225631506       -0.0269757536
      421.6000000000       95.6658143559       -0.0234722982
      422.4000000000       89.2565723536       -0.0204195728
      423.2000000000       83.2666365385       -0.0177603095
      424.0000000000       77.6694943849       -0.0154444001
      424.8000000000       72.4402281550       -0.0134280188
      425.6000000000       67.5554260892       -0.0116728507
      426.4000000000       62.9930979242       -0.0101454119
      427.2000000000       58.7325945817       -0.0088164516
      428.0000000000       54.7545318725       -0.0076604265
      428.8000000000       51.0407180604       -0.0066550387
      429.6000000000       47.5740851340       -0.0057808307
      430.4000000000       44.3386236356       -0.0050208287
      431.2000000000       41.3193208967       -0.0043602305
      432.0000000000       38.5021025381       -0.0037861323
      432.8000000000       35.8737770890       -0.0032872877
      433.6000000000       33.4219835887       -0.0028538987
      434.4000000000       31.1351420339       -0.0024774308
      435.2000000000       29.0024065418       -0.0021504526
      436.0000000000       27.0136211006       -0.0018664944
      436.8000000000       25.1592777839       -0.0016199258
      437.6000000000       23.4304773109       -0.0014058476
      438.4000000000       21.8188918353       -0.0012199978
      439.2000000000       20.3167298547       -0.0010586698
      440.0000000000       18.9167031304       -0.0009186405
      440.8000000000       17.6119955174       -0.0007971079
      441.6000000000       16.3962336058       -0.0006916365
      442.4000000000       15.2634590773       -0.0006001099
      443.2000000000       14.2081026880       -0.0005206890
      444.0000000000       13.2249597905       -0.0004517764
      444.8000000000       12.3091673119       -0.0003919844
      445.6000000000       11.4561821087       -0.0003401079
      446.4000000000       10.6617606234       -0.0002951004
      447.2000000000        9.9219397711       -0.0002560534
      448.0000000000        9.2330189863       -0.0002221782
      448.8000000000        8.5915433662       -0.0001927901
      449.6000000000        7.9942878472       -0.0001672950
      450.4000000000        7.4382423565       -0.0001451771
      451.2000000000        6.9205978816       -0.0001259889
      452.0000000000        6.4387334066       -0.0001093423
      452.8000000000        5.9902036622       -0.0000949002
      453.6000000000        5.5727276441       -0.0000823706
      454.4000000000        5.1841778527       -0.0000714997
      455.2000000000        4.8225702126       -0.0000620677
      456.0000000000        4.4860546305       -0.0000538839
      456.8000000000        4.1729061533       -0.0000467826
      457.6000000000        3.8815166906       -0.0000406205
      458.4000000000        3.6103872669       -0.0000352730
      459.2000000000        3.3581207717       -0.0000306322
      460.0000000000        3.1234151765       -0.0000266044
      460.8000000000        2.9050571902       -0.0000231084
      461.6000000000        2.7019163257       -0.0000200738
      462.4000000000        2.5129393525       -0.0000174395
      463.2000000000        2.3371451109       -0.0000151525
      464.0000000000        2.1736196652       -0.0000131668
      464.8000000000        2.0215117744       -0.0000114426
      465.6000000000        1.8800286610       -0.0000099453
      466.4000000000        1.7484320582       -0.0000086450
      467.2000000000        1.6260345187       -0.0000075155
      468.0000000000        1.5121959670       -0.0000065344
      468.8000000000        1.4063204817       -0.0000056821
      469.6000000000        1.3078532907       -0.0000049416
      470.4000000000        1.2162779674       -0.0000042981
      471.2000000000        1.1311138138       -0.0000037389
      472.0000000000        1.0519134191       -0.0000032529
      472.8000000000        0.9782603819       -0.0000028305
      473.6000000000        0.9097671853       -0.0000024632
      474.4000000000        0.8460732154       -0.0000021439
      475.2000000000        0.7868429132       -0.0000018662
      476.0000000000        0.7317640515       -0.0000016248
      476.8000000000        0.6805461286       -0.0000014147
      477.6000000000        0.6329188706       -0.0000012320
      478.4000000000        0.5886308356       -0.0000010731
      479.2000000000        0.5474481128       -0.0000009347
      480.0000000000        0.5091531105       -0.0000008144
      480.8000000000        0.4735434262       -0.0000007096
      481.6000000000        0.4404307945       -0.0000006184
      482.4000000000        0.4096401070       -0.0000005390
      483.2000000000        0.3810084986       -0.0000004699
      484.0000000000        0.3543844974       -0.0000004097
      484.8000000000        0.3296272325       -0.0000003572
      485.6000000000        0.3066056967       -0.0000003115
      486.4000000000        0.2851980591       -0.0000002717
      487.2000000000        0.2652910263       -0.0000002371
      488.0000000000        0.2467792467       -0.0000002068
      488.8000000000        0.2295647567       -0.0000001805
      489.6000000000        0.2135564644       -0.0000001575
      490.4000000000        0.1986696701       -0.0000001375
      491.2000000000        0.1848256189       -0.0000001201
      492.0000000000        0.1719510852       -0.0000001048
      492.8000000000        0.1599779856       -0.0000000915
      493.6000000000        0.1488430190       -0.0000000800
      494.4000000000        0.1384873315       -0.0000000698
      495.2000000000        0.1288562047       -0.0000000610
      496.0000000000        0.1198987658       -0.0000000533
      496.8000000000        0.1115677178       -0.0000000466
      497.6000000000        0.1038190886       -0.0000000407
      498.4000000000        0.0966119974       -0.0000000356
      499.2000000000        0.0899084380       -0.0000000311
