7.228899979591369629e+01
7.222399997711181641e+01
7.222199988365173340e+01
7.224899983406066895e+01
7.224900031089782715e+01
7.240200018882751465e+01
7.244800019264221191e+01
7.199100017547607422e+01
7.234299993515014648e+01
7.222600030899047852e+01
7.200800013542175293e+01
7.220499992370605469e+01
7.230300021171569824e+01
7.227400016784667969e+01
7.222100019454956055e+01
7.211899995803833008e+01
7.219899988174438477e+01
7.232999992370605469e+01
7.224999976158142090e+01
7.223699975013732910e+01
7.232800006866455078e+01
7.251300001144409180e+01
7.214199995994567871e+01
7.234000015258789062e+01
7.221099996566772461e+01
7.208200001716613770e+01
7.240999984741210938e+01
7.227300000190734863e+01
7.235899996757507324e+01
7.207599997520446777e+01
7.251300001144409180e+01
7.238299989700317383e+01
7.245000004768371582e+01
7.236100006103515625e+01
7.231599998474121094e+01
7.223199987411499023e+01
7.229500007629394531e+01
7.207799983024597168e+01
7.237700009346008301e+01
7.233599996566772461e+01
7.230300021171569824e+01
7.223800015449523926e+01
7.231699991226196289e+01
7.213500022888183594e+01
7.215499973297119141e+01
7.199099969863891602e+01
7.232500004768371582e+01
7.229999995231628418e+01
7.222600007057189941e+01
7.224300003051757812e+01
7.254700016975402832e+01
7.237100005149841309e+01
7.220099973678588867e+01
7.222000002861022949e+01
