4.581999778747558594e+00
4.561000347137451172e+00
4.565000057220458984e+00
4.578999757766723633e+00
4.564000129699707031e+00
4.593000173568725586e+00
4.559000015258789062e+00
4.576999902725219727e+00
4.581000089645385742e+00
4.582000255584716797e+00
4.559999942779541016e+00
4.561000108718872070e+00
4.565000057220458984e+00
4.582999944686889648e+00
4.559000253677368164e+00
4.559999942779541016e+00
4.559999942779541016e+00
4.580999851226806641e+00
4.559000015258789062e+00
4.579999923706054688e+00
4.580999851226806641e+00
4.589999914169311523e+00
4.572999954223632812e+00
4.559999942779541016e+00
4.575999975204467773e+00
4.561000108718872070e+00
4.561999797821044922e+00
4.559000015258789062e+00
4.577999830245971680e+00
4.558999776840209961e+00
4.558000087738037109e+00
4.560000181198120117e+00
4.598000049591064453e+00
4.579000234603881836e+00
4.565999746322631836e+00
4.559999942779541016e+00
4.565000057220458984e+00
4.558999776840209961e+00
4.561000108718872070e+00
4.590999841690063477e+00
4.568000078201293945e+00
4.594000101089477539e+00
4.559999942779541016e+00
4.594000101089477539e+00
4.579999923706054688e+00
4.560999870300292969e+00
4.561000108718872070e+00
4.575999975204467773e+00
4.579999923706054688e+00
4.560000181198120117e+00
4.596999883651733398e+00
4.578000068664550781e+00
4.559000015258789062e+00
4.572999954223632812e+00
