379.99541610150703	0.020044387620957504
381.52016321923026	0.013300866042639359
382.12227254013993	0.010199048321158033
384.1835606698571	-0.006193408089623209
385.31618880151086	-0.011045774411902798
387.0239897844548	0.0019187722002546037
389.358598585951	0.00015885288535866238
391.54391498210185	-0.01257171101132637
391.9749705186622	0.000916126520308369
394.58074985245554	0.006090039118303636
395.53887611558076	-0.0013046210039541206
397.03987307324627	0.008779572414717385
398.1897492435762	-0.0017027112020746582
400.21364099938705	-0.009412131965192305
400.46060665266447	-0.0007163574311889187
402.87223694027773	-0.006457888087135544
404.0639716567832	-0.00243926786337878
405.4969491236685	-0.01199861800886981
406.977527764662	-0.0035663630925343304
407.6833060457834	0.007231053244054819
408.04718409612656	-0.015154368563322418
409.47200313569306	-0.0052357126845062885
410.3256205036598	0.005163288557833101
412.12296814271053	-0.0052377521613833355
412.92644298475506	0.004423729682208499
414.52026177539835	-0.008908210693968743
415.7191232763853	0.0027916683036403045
417.0377710015281	0.005408317136921026
417.55309303395745	-0.0046058363521566115
419.26694391916874	-0.014499832450908245
419.7455035352684	-0.005570653058489139
421.96411999078924	-0.007886126190529419
422.14885807788653	-0.0003230984773777701
424.84603414950703	-0.004098228447602104
426.9027848525235	-0.011589906842705
427.4352094932859	-0.0046144566511835405
429.9386474171557	-0.001190555975758234
432.5680861901738	-0.001467691747968014
433.57798773297236	-0.0023869713826151218
435.26911097194215	0.003626579150190934
437.6668573940591	0.0019187722002546037
438.79170707994035	-0.003443692335187598
440.44155101595175	0.005328297661803094
441.8132011266872	-0.00018415506854629893
443.05890031121123	0.003826192949533902
445.4258570521453	0.004898545035600166
447.9300844550197	0.006720456130683394
450.5985234908695	0.010948216160668434
453.0963363768308	0.015130248475303087
455.9727223882453	0.014099022528752392
458.35752314895575	0.017656929670869626
461.01071396174353	0.019445919940256684
461.99070552853584	0.01611353126466042
463.54426487050637	0.028611678650415917
466.0881015628732	0.03249816555225027
468.72272033684465	0.041244360081374665
471.2306888515187	0.05196515537385782
473.7069894733904	0.06134376135365549
476.10357575799867	0.07147309161584336
477.2623873952453	0.07831238461960255
479.3199874687772	0.08311442563015786
480.71083168772805	0.09301025879154012
482.8661093705298	0.10404217769139684
484.27950235435355	0.11593458715483823
485.5916654961102	0.12654464236282092
486.6400445783745	0.13723369268624275
488.04561796062796	0.14857166260825527
488.9008868823747	0.15614065450588782
490.13247412968997	0.1698309429662891
491.6056419524402	0.1800084032313775
492.8703873179524	0.19101844071082053
493.2026451962116	0.20253803364385758
493.6073095774724	0.21541470793799716
494.74030917567995	0.2273380724690265
495.76418672423165	0.23731519335165197
496.4932600305301	0.24860141845090022
497.0539944596019	0.25745805452576553
497.81142061670073	0.2685436632933448
498.46937241920875	0.2816647162233919
499.33489404162975	0.2955799477246833
500.6625450942356	0.30158590800437857
500.788636169556	0.3146090361618811
501.47987117654486	0.3294305767953647
502.179636657974	0.34087241288970394
502.5920317816962	0.3541985196106904
503.77116253514436	0.36779306818379265
504.52562375998116	0.38123427831021156
505.1746329184907	0.39481249733444623
505.3976739582557	0.40503125231482295
506.65626969783665	0.41629308006293464
507.31311622973817	0.4284712820856511
508.5717983964944	0.4388996984116346
509.4813579888274	0.4481322685441571
510.87175517066487	0.46047797346727853
513.0037737754215	0.4553160764339246
513.1631556544858	0.4636089436109542
515.174748158434	0.4591026708920952
516.0147538194234	0.42953588901548156
516.1969655737057	0.4419405312423207
517.644238485102	0.41738845096998034
518.2211570736322	0.40287176832467086
519.3386859945952	0.3915818070408915
519.6817710134901	0.3793134795637979
520.3959316705373	0.3713000555151964
520.6594166998113	0.35910622612425436
521.2531443852879	0.34515100361906037
521.727423897355	0.33194692044769114
522.4000600093503	0.31918478058515587
522.985063951825	0.31040341632598345
523.6461365183986	0.29678566725933053
523.9703337496774	0.2827384223577508
524.3705996050547	0.27239345400929743
524.8478396633894	0.26305798036324646
525.4790281276385	0.2525654601413599
525.7992408119405	0.24211775350177595
526.0332423889304	0.23232336974733597
526.3187467053535	0.2222158663076516
526.6216674070922	0.210805166469331
527.2360926004749	0.20045613564774473
528.0653613470006	0.19123682161950373
528.4783053063945	0.17730754522839892
528.8617877669311	0.1638757158069536
529.6722894696882	0.15156082351176509
530.1926484105452	0.14107042545283943
530.9197459084255	0.1301725952762982
531.5753850018491	0.11954600898063128
532.7743714102648	0.10566158631537859
533.2828127765363	0.09615906806148738
534.8039030001685	0.08145166926766673
535.5002590978986	0.07001626108028591
536.5756292259491	0.055977146303866965
538.3323204905289	0.0448256575540269
538.6380641777994	0.03891613781299447
540.5522876045027	0.035631324978218526
541.6538739757125	0.026115579086894547
543.2773298926281	0.01781260091024839
544.7903161655421	0.01568768849272828
546.093903898085	0.017496610352987108
546.5276239262862	0.004402855036525488
548.2818660116809	0.010624891093090172
549.4694983348247	0.0038440383722083693
551.7684229365468	0.010032466866988221
554.1113082014303	0.00023824325354904197
554.2211955118589	0.00972588968567778
556.7818706635685	0.0051980244100410244
558.6292515345415	-0.005572906194848515
559.5200996434328	0.006224515783124329
561.5399027290299	0.007856913075531047
562.5779548374813	-0.000034697023370777735
564.3068687446649	-0.00066782834037038
565.1106563757288	0.006650358555056579
566.6993059204754	0.005613049238811563
568.0396977288005	-0.0034078469840146397
570.4434192802025	-0.00003438263225108429
570.9245975535723	0.0114833360460328
573.0534840810744	-0.009335643915095782
573.2050203921497	0.0016211401553558602
574.4654108896037	-0.008904731586354853
575.5671460032347	0.005138308132978553
575.6251555474923	-0.002917960517987428
577.9792832546002	-0.0015042348032973107
577.9920136035507	-0.011056693457336952
580.931243938009	0.0008147353841341243
582.6041499489456	-0.002865387336267622
583.5724631107839	0.002031918830478152
585.4573270718927	-0.004369257034416485
585.7932145029786	0.006600175063414482
588.4131364654493	-0.0032802025627656217
588.782612639644	0.003858722605723286
590.8862968026256	-0.004034074956935418
592.6298566122098	-0.01050075258516936
593.5550132229905	0.0028566402098670896
595.8957799607233	0.00791980855268637
597.0391735456456	0.0001586220762681556
599.1916483057464	-0.0014178119706316217
599.8422661205351	-0.006692714965484958