# UV-VIS Spectrum
# X-Axis:  Excitation Energy (nm)
# Y-Axis:  Epsilon
#                  X                   Y               DY/DX
      100.0000000000        0.0000000000        0.0000000000
      101.0000000000        0.0000000000        0.0000000000
      102.0000000000        0.0000000000        0.0000000000
      103.0000000000        0.0000000000        0.0000000000
      104.0000000000        0.0000000000        0.0000000000
      105.0000000000        0.0000000000        0.0000000000
      106.0000000000        0.0000000000        0.0000000000
      107.0000000000        0.0000000000        0.0000000000
      108.0000000000        0.0000000000        0.0000000000
      109.0000000000        0.0000000000        0.0000000000
      110.0000000000        0.0000000000        0.0000000000
      111.0000000000        0.0000000000        0.0000000000
      112.0000000000        0.0000000000        0.0000000000
      113.0000000000        0.0000000000        0.0000000000
      114.0000000000        0.0000000000        0.0000000000
      115.0000000000        0.0000000000        0.0000000000
      116.0000000000        0.0000000000        0.0000000000
      117.0000000000        0.0000000000        0.0000000000
      118.0000000000        0.0000000000        0.0000000000
      119.0000000000        0.0000000000        0.0000000000
      120.0000000000        0.0000000000        0.0000000000
      121.0000000000        0.0000000000        0.0000000000
      122.0000000000        0.0000000000        0.0000000000
      123.0000000000        0.0000000000        0.0000000000
      124.0000000000        0.0000000000        0.0000000000
      125.0000000000        0.0000000000        0.0000000000
      126.0000000000        0.0000000000        0.0000000000
      127.0000000000        0.0000000000        0.0000000000
      128.0000000000        0.0000000000        0.0000000000
      129.0000000000        0.0000000000        0.0000000000
      130.0000000000        0.0000000000        0.0000000000
      131.0000000000        0.0000000000        0.0000000000
      132.0000000000        0.0000000000        0.0000000000
      133.0000000000        0.0000000000        0.0000000000
      134.0000000000        0.0000000000        0.0000000000
      135.0000000000        0.0000000000        0.0000000000
      136.0000000000        0.0000000000        0.0000000000
      137.0000000000        0.0000000000        0.0000000000
      138.0000000000        0.0000000000        0.0000000000
      139.0000000000        0.0000000000        0.0000000000
      140.0000000000        0.0000000000        0.0000000000
      141.0000000000        0.0000000000        0.0000000000
      142.0000000000        0.0000000000        0.0000000000
      143.0000000000        0.0000000000        0.0000000000
      144.0000000000        0.0000000000        0.0000000000
      145.0000000000        0.0000000000        0.0000000000
      146.0000000000        0.0000000000        0.0000000000
      147.0000000000        0.0000000000        0.0000000000
      148.0000000000        0.0000000000        0.0000000000
      149.0000000000        0.0000000000        0.0000000000
      150.0000000000        0.0000000000        0.0000000000
      151.0000000000        0.0000000000        0.0000000000
      152.0000000000        0.0000000000        0.0000000000
      153.0000000000        0.0000000000        0.0000000000
      154.0000000000        0.0000000000        0.0000000000
      155.0000000000        0.0000000000        0.0000000000
      156.0000000000        0.0000000000        0.0000000000
      157.0000000000        0.0000000000        0.0000000000
      158.0000000000        0.0000000000        0.0000000000
      159.0000000000        0.0000000000        0.0000000000
      160.0000000000        0.0000000000        0.0000000000
      161.0000000000        0.0000000000        0.0000000000
      162.0000000000        0.0000000000        0.0000000000
      163.0000000000        0.0000000000        0.0000000000
      164.0000000000        0.0000000000        0.0000000000
      165.0000000000        0.0000000000        0.0000000000
      166.0000000000        0.0000000000        0.0000000000
      167.0000000000        0.0000000000        0.0000000000
      168.0000000000        0.0000000000        0.0000000000
      169.0000000000        0.0000000000        0.0000000000
      170.0000000000        0.0000000000        0.0000000000
      171.0000000000        0.0000000000        0.0000000000
      172.0000000000        0.0000000000        0.0000000000
      173.0000000000        0.0000000000        0.0000000000
      174.0000000000        0.0000000000        0.0000000000
      175.0000000000        0.0000000000        0.0000000000
      176.0000000000        0.0000000000        0.0000000000
      177.0000000000        0.0000000000        0.0000000000
      178.0000000000        0.0000000000        0.0000000000
      179.0000000000        0.0000000000        0.0000000000
      180.0000000000        0.0000000000        0.0000000000
      181.0000000000        0.0000000000        0.0000000000
      182.0000000000        0.0000000000        0.0000000000
      183.0000000000        0.0000000000        0.0000000000
      184.0000000000        0.0000000000        0.0000000000
      185.0000000000        0.0000000000        0.0000000000
      186.0000000000        0.0000000000        0.0000000000
      187.0000000000        0.0000000000        0.0000000000
      188.0000000000        0.0000000000        0.0000000000
      189.0000000000        0.0000000000        0.0000000000
      190.0000000000        0.0000000000        0.0000000000
      191.0000000000        0.0000000000        0.0000000000
      192.0000000000        0.0000000000        0.0000000000
      193.0000000000        0.0000000000        0.0000000000
      194.0000000000        0.0000000000        0.0000000000
      195.0000000000        0.0000000000        0.0000000000
      196.0000000000        0.0000000000        0.0000000000
      197.0000000000        0.0000000000        0.0000000000
      198.0000000000        0.0000000000        0.0000000000
      199.0000000000        0.0000000000        0.0000000000
      200.0000000000        0.0000000000        0.0000000000
      201.0000000000        0.0000000000        0.0000000000
      202.0000000000        0.0000000001        0.0000000000
      203.0000000000        0.0000000003        0.0000000000
      204.0000000000        0.0000000006        0.0000000000
      205.0000000000        0.0000000014        0.0000000000
      206.0000000000        0.0000000031        0.0000000000
      207.0000000000        0.0000000066        0.0000000000
      208.0000000000        0.0000000140        0.0000000000
      209.0000000000        0.0000000292        0.0000000000
      210.0000000000        0.0000000598        0.0000000000
      211.0000000000        0.0000001205        0.0000000000
      212.0000000000        0.0000002391        0.0000000000
      213.0000000000        0.0000004668        0.0000000000
      214.0000000000        0.0000008973        0.0000000000
      215.0000000000        0.0000016988        0.0000000000
      216.0000000000        0.0000031690        0.0000000000
      217.0000000000        0.0000058261        0.0000000000
      218.0000000000        0.0000105600        0.0000000000
      219.0000000000        0.0000188762        0.0000000000
      220.0000000000        0.0000332860        0.0000000000
      221.0000000000        0.0000579208        0.0000000000
      222.0000000000        0.0000994851        0.0000000000
      223.0000000000        0.0001687161        0.0000000000
      224.0000000000        0.0002825853        0.0000000000
      225.0000000000        0.0004675780        0.0000000000
      226.0000000000        0.0007645118        0.0000000000
      227.0000000000        0.0012355245        0.0000000001
      228.0000000000        0.0019740782        0.0000000002
      229.0000000000        0.0031191003        0.0000000004
      230.0000000000        0.0048747236        0.0000000010
      231.0000000000        0.0075375042        0.0000000024
      232.0000000000        0.0115334950        0.0000000057
      233.0000000000        0.0174681404        0.0000000132
      234.0000000000        0.0261926336        0.0000000300
      235.0000000000        0.0388911354        0.0000000665
      236.0000000000        0.0571940904        0.0000001448
      237.0000000000        0.0833237616        0.0000003090
      238.0000000000        0.1202790193        0.0000006467
      239.0000000000        0.1720673267        0.0000013283
      240.0000000000        0.2439927051        0.0000026782
      241.0000000000        0.3430091912        0.0000053028
      242.0000000000        0.4781498382        0.0000103146
      243.0000000000        0.6610415972        0.0000197166
      244.0000000000        0.9065163549        0.0000370509
      245.0000000000        1.2333279347        0.0000684705
      246.0000000000        1.6649839012        0.0001244772
      247.0000000000        2.2306994885        0.0002226894
      248.0000000000        2.9664788477        0.0003921669
      249.0000000000        3.9163260534        0.0006800468
      250.0000000000        5.1335849192        0.0011615416
      251.0000000000        6.6824026857        0.0019547334
      252.0000000000        8.6393081218        0.0032420720
      253.0000000000       11.0948896364        0.0053010603
      254.0000000000       14.1555537626        0.0085472717
      255.0000000000       17.9453390420        0.0135935794
      256.0000000000       22.6077551017        0.0213302431
      257.0000000000       28.3076118161        0.0330312362
      258.0000000000       35.2327991298        0.0504928201
      259.0000000000       43.5959746297        0.0762107678
      260.0000000000       53.6361135371        0.1136026722
      261.0000000000       65.6198746578        0.1672812837
      262.0000000000       79.8427361649        0.2433836546
      263.0000000000       96.6298570107        0.3499588467
      264.0000000000      116.3366233622        0.4974139686
      265.0000000000      139.3488447012        0.6990142545
      266.0000000000      166.0825710800        0.9714277677
      267.0000000000      196.9835112957        1.3352991975
      268.0000000000      232.5260412353        1.8158303204
      269.0000000000      273.2118020423        2.4433373482
      270.0000000000      319.5678987084        3.2537480659
      271.0000000000      372.1447207991        4.2889949559
      272.0000000000      431.5134178514        5.5972551152
      273.0000000000      498.2630720837        7.2329844423
      274.0000000000      572.9976200063        9.2566930638
      275.0000000000      656.3325819025       11.7344119583
      276.0000000000      748.8916636166       14.7368077775
      277.0000000000      851.3032983384       18.3379142723
      278.0000000000      964.1971969129       22.6134645614
      279.0000000000     1088.2009735126       27.6388284241
      280.0000000000     1223.9369092724       33.4865821971
      281.0000000000     1372.0189098089       40.2237646797
      282.0000000000     1533.0497036064       47.9088993086
      283.0000000000     1707.6183173584       56.5888891249
      284.0000000000     1896.2978518823       66.2959148593
      285.0000000000     2099.6435686246       77.0444859354
      286.0000000000     2318.1912825557       88.8288074841
      287.0000000000     2552.4560429589      101.6206319911
      288.0000000000     2802.9310697935      115.3677607021
      289.0000000000     3070.0869005098      129.9933466184
      290.0000000000     3354.3706909208      145.3961276446
      291.0000000000     3656.2056044528      161.4516856206
      292.0000000000     3975.9902171964      178.0147856751
      293.0000000000     4314.0978619689      194.9228022626
      294.0000000000     4670.8758332843      212.0001856118
      295.0000000000     5046.6443768212      229.0638677649
      296.0000000000     5441.6953916733      245.9294538142
      297.0000000000     5856.2907812639      262.4179943463
      298.0000000000     6290.6603990905      278.3630923593
      299.0000000000     6744.9995481409      293.6180646670
      300.0000000000     7219.4660075037      308.0628562079
      301.0000000000     7714.1765759365      321.6103973553
      302.0000000000     8229.2031394568      334.2121002021
      303.0000000000     8764.5682878447      345.8622100658
      304.0000000000     9320.2405227587      356.6007625744
      305.0000000000     9896.1291174096      366.5149433666
      306.0000000000    10492.0787039059      375.7387047570
      307.0000000000    11107.8636789821      384.4505591962
      308.0000000000    11743.1825314277      392.8695401360
      309.0000000000    12397.6522047711      401.2493938416
      310.0000000000    13070.8026163574      409.8711375658
      311.0000000000    13762.0714586653      419.0341871486
      312.0000000000    14470.7994104196      429.0463176019
      313.0000000000    15196.2258837112      440.2127709946
      314.0000000000    15937.4854289923      452.8248648766
      315.0000000000    16693.6049125724      467.1484799916
      316.0000000000    17463.5015713048      483.4128172041
      317.0000000000    18245.9820367725      501.7998100642
      318.0000000000    19039.7424067665      522.4345615671
      319.0000000000    19843.3694255692      545.3771423236
      320.0000000000    20655.3428168796      570.6160439365
      321.0000000000    21474.0387945768      598.0635277585
      322.0000000000    22297.7347573234      627.5530475664
      323.0000000000    23124.6151536889      658.8388574958
      324.0000000000    23952.7784854274      691.5978464000
      325.0000000000    24780.2453981696      725.4335692435
      326.0000000000    25604.9677914396      759.8823777276
      327.0000000000    26424.8388639022      794.4214884184
      328.0000000000    27237.7039953722      828.4787693023
      329.0000000000    28041.3723546022      861.4439766704
      330.0000000000    28833.6291113865      892.6811349425
      331.0000000000    29612.2481232234      921.5417234329
      332.0000000000    30375.0049607312      947.3783167049
      333.0000000000    31119.6901322567      969.5583191824
      334.0000000000    31844.1223666314      987.4774398142
      335.0000000000    32546.1618137576     1000.5725681892
      336.0000000000    33223.7230255445     1008.3337386049
      337.0000000000    33874.7875845383     1010.3149019756
      338.0000000000    34497.4162542151     1006.1432656778
      339.0000000000    35089.7605331646      995.5270068900
      340.0000000000    35650.0735050609      978.2612140162
      341.0000000000    36176.7198871748      954.2319617058
      342.0000000000    36668.1851920088      923.4184761538
      343.0000000000    37123.0839291811      885.8933972346
      344.0000000000    37540.1667877331      841.8211911882
      345.0000000000    37918.3267523446      791.4548108117
      346.0000000000    38256.6041203095      735.1307383967
      347.0000000000    38554.1903993390      673.2625791922
      348.0000000000    38810.4310791342      606.3333994243
      349.0000000000    39024.8272820438      534.8870225211
      350.0000000000    39197.0363098319      459.5185101000
      351.0000000000    39326.8711145124      380.8640605720
      352.0000000000    39414.2987312424      299.5905582198
      353.0000000000    39459.4377203274      216.3849997684
      354.0000000000    39462.5546734121      131.9440144048
      355.0000000000    39424.0598458648       46.9636776043
      356.0000000000    39344.5019831955      -37.8702002212
      357.0000000000    39224.5624140629     -121.8911515215
      358.0000000000    39065.0484860453     -204.4603615071
      359.0000000000    38866.8864228931     -284.9741014835
      360.0000000000    38631.1136834973     -362.8702031515
      361.0000000000    38358.8709033408     -437.6335174054
      362.0000000000    38051.3934988164     -508.8003263124
      363.0000000000    37710.0030135691     -575.9617007184
      364.0000000000    37336.0982840192     -638.7658178118
      365.0000000000    36931.1464985356     -696.9192726452
      366.0000000000    36496.6742214351     -750.1874347697
      367.0000000000    36034.2584491687     -798.3939156258
      368.0000000000    35545.5177618051     -841.4192240551
      369.0000000000    35032.1036283197     -879.1986962569
      370.0000000000    34495.6919193192     -911.7197927680
      371.0000000000    33937.9746757652     -939.0188587407
      372.0000000000    33360.6521770646     -961.1774450960
      373.0000000000    32765.4253466535     -978.3182872723
      374.0000000000    32153.9885279619     -990.6010355236
      375.0000000000    31528.0226584815     -998.2178263052
      376.0000000000    30889.1888646040    -1001.3887785214
      377.0000000000    30239.1224950126    -1000.3574915498
      378.0000000000    29579.4276057230     -995.3866143039
      379.0000000000    28911.6719054161     -986.7535463871
      380.0000000000    28237.3821655220     -974.7463238819
      381.0000000000    27558.0400956026     -959.6597337230
      382.0000000000    26875.0786809820     -941.7916921163
      383.0000000000    26189.8789762738     -921.4399142573
      384.0000000000    25503.7673454811     -898.8988948086
      385.0000000000    24818.0131366873     -874.4572113344
      386.0000000000    24133.8267770158     -848.3951562409
      387.0000000000    23452.3582715123     -820.9826967979
      388.0000000000    22774.6960878812     -792.4777575627
      389.0000000000    22101.8664075838     -763.1248149939
      390.0000000000    21434.8327226581     -733.1537902477
      391.0000000000    20774.4957567458     -702.7792230600
      392.0000000000    20121.6936881838     -672.1997072092
      393.0000000000    19477.2026526249     -641.5975662873
      394.0000000000    18841.7375024769     -611.1387473299
      395.0000000000    18215.9528004702     -580.9729092124
      396.0000000000    17600.4440248617     -551.2336825505
      397.0000000000    16995.7489641485     -522.0390780968
      398.0000000000    16402.3492796604     -493.4920212259
      399.0000000000    15820.6722150340     -465.6809910009
      400.0000000000    15251.0924322986     -438.6807434542
      401.0000000000    14693.9339551333     -412.5531000365
      402.0000000000    14149.4722007483     -387.3477836494
      403.0000000000    13617.9360828036     -363.1032862232
      404.0000000000    13099.5101687806     -339.8477534028
      405.0000000000    12594.3368762579     -317.5998735145
      406.0000000000    12102.5186935978     -296.3697595876
      407.0000000000    11624.1204116179     -276.1598147542
      408.0000000000    11159.1713538852     -256.9655728491
      409.0000000000    10707.6675943304     -238.7765074371
      410.0000000000    10269.5741519183     -221.5768038232
      411.0000000000     9844.8271531262     -205.3460898125
      412.0000000000     9433.3359539731     -190.0601221057
      413.0000000000     9034.9852142926     -175.6914262129
      414.0000000000     8649.6369178576     -162.2098886635
      415.0000000000     8277.1323328406     -149.5833010729
      416.0000000000     7917.2939079167     -137.7778563017
      417.0000000000     7569.9271001052     -126.7585975260
      418.0000000000     7234.8221311731     -116.4898215131
      419.0000000000     6911.7556701153     -106.9354377970
      420.0000000000     6600.4924398603      -98.0592857575
      421.0000000000     6300.7867469392      -89.8254118479
      422.0000000000     6012.3839333974      -82.1983093882
      423.0000000000     5735.0217507195      -75.1431234560
      424.0000000000     5468.4316559869      -68.6258234686
      425.0000000000     5212.3400308910      -62.6133460695
      426.0000000000     4966.4693245810      -57.0737109111
      427.0000000000     4730.5391216498      -51.9761118743
      428.0000000000     4504.2671368370      -47.2909861888
      429.0000000000     4287.3701382724      -42.9900638169
      430.0000000000     4079.5648012917      -39.0463993519
      431.0000000000     3880.5684950315      -35.4343885524
      432.0000000000     3690.1000041542      -32.1297715022
      433.0000000000     3507.8801881713      -29.1096242418
      434.0000000000     3333.6325809242      -26.3523405781
      435.0000000000     3167.0839328447      -23.8376056377
      436.0000000000     3007.9646986677      -21.5463625845
      437.0000000000     2856.0094732858      -19.4607737936
      438.0000000000     2710.9573784482      -17.5641776356
      439.0000000000     2572.5524029922      -15.8410419046
      440.0000000000     2440.5436992733      -14.2769148044
      441.0000000000     2314.6858384237      -12.8583742947
      442.0000000000     2194.7390270182      -11.5729764979
      443.0000000000     2080.4692876720      -10.4092037718
      444.0000000000     1971.6486060274       -9.3564129619
      445.0000000000     1868.0550465130       -8.4047842739
      446.0000000000     1769.4728391818       -7.5452711273
      447.0000000000     1675.6924398505       -6.7695512900
      448.0000000000     1586.5105656756       -6.0699795348
      449.0000000000     1501.7302082120       -5.4395420045
      450.0000000000     1421.1606259084       -4.8718124297
      451.0000000000     1344.6173179021       -4.3609103004
      452.0000000000     1271.9219808809       -3.9014610586
      453.0000000000     1202.9024506886       -3.4885583499
      454.0000000000     1137.3926302582       -3.1177283447
      455.0000000000     1075.2324053644       -2.7848961184
      456.0000000000     1016.2675495995       -2.4863540633
      457.0000000000      960.3496198889       -2.2187322877
      458.0000000000      907.3358437755       -1.9789709462
      459.0000000000      857.0889996224       -1.7642944387
      460.0000000000      809.4772908003       -1.5721874021
      461.0000000000      764.3742148517       -1.4003724202
      462.0000000000      721.6584285468       -1.2467893687
      463.0000000000      681.2136096782       -1.1095763124
      464.0000000000      642.9283163698       -0.9870518695
      465.0000000000      606.6958446146       -0.8776989588
      466.0000000000      572.4140846912       -0.7801498458
      467.0000000000      539.9853770519       -0.6931724060
      468.0000000000      509.3163682203       -0.6156575253
      469.0000000000      480.3178671836       -0.5466075590
      470.0000000000      452.9047027164       -0.4851257775
      471.0000000000      426.9955820261       -0.4304067252
      472.0000000000      402.5129510672       -0.3817274251
      473.0000000000      379.3828568315       -0.3384393664
      474.0000000000      357.5348118850       -0.2999612123
      475.0000000000      336.9016613840       -0.2657721718
      476.0000000000      317.4194527748       -0.2354059820
      477.0000000000      299.0273083472       -0.2084454492
      478.0000000000      281.6673007893       -0.1845175037
      479.0000000000      265.2843318595       -0.1632887236
      480.0000000000      249.8260142744       -0.1444612867
      481.0000000000      235.2425568862       -0.1277693136
      482.0000000000      221.4866532036       -0.1129755673
      483.0000000000      208.5133732952       -0.0998684763
      484.0000000000      196.2800590963       -0.0882594526
      485.0000000000      184.7462231246       -0.0779804774
      486.0000000000      173.8734506003       -0.0688819286
      487.0000000000      163.6253049520       -0.0608306285
      488.0000000000      153.9672366796       -0.0537080902
      489.0000000000      144.8664955377       -0.0474089431
      490.0000000000      136.2920459930       -0.0418395218
      491.0000000000      128.2144859042       -0.0369166000
      492.0000000000      120.6059683639       -0.0325662577
      493.0000000000      113.4401266406       -0.0287228665
      494.0000000000      106.6920021499       -0.0253281819
      495.0000000000      100.3379753855       -0.0223305321
      496.0000000000       94.3556997319       -0.0196840934
      497.0000000000       88.7240380826       -0.0173482424
      498.0000000000       83.4230021845       -0.0152869786
      499.0000000000       78.4336946263       -0.0134684090
      500.0000000000       73.7382533900       -0.0118642891
      501.0000000000       69.3197988825       -0.0104496131
      502.0000000000       65.1623833652       -0.0092022497
      503.0000000000       61.2509426990       -0.0081026176
      504.0000000000       57.5712503224       -0.0071333966
      505.0000000000       54.1098733825       -0.0062792712
      506.0000000000       50.8541309384       -0.0055267023
      507.0000000000       47.7920541568       -0.0048637241
      508.0000000000       44.9123484250       -0.0042797645
      509.0000000000       42.2043573014       -0.0037654849
      510.0000000000       39.6580282329       -0.0033126383
      511.0000000000       37.2638799629       -0.0029139437
      512.0000000000       35.0129715616       -0.0025629743
      513.0000000000       32.8968730084       -0.0022540585
      514.0000000000       30.9076372585       -0.0019821925
      515.0000000000       29.0377737305       -0.0017429624
      516.0000000000       27.2802231500       -0.0015324756
      517.0000000000       25.6283336892       -0.0013472997
      518.0000000000       24.0758383427       -0.0011844092
      519.0000000000       22.6168334838       -0.0010411371
      520.0000000000       21.2457585437       -0.0009151334
      521.0000000000       19.9573767641       -0.0008043273
      522.0000000000       18.7467569690       -0.0007068950
      523.0000000000       17.6092563083       -0.0006212297
      524.0000000000       16.5405039261       -0.0005459167
      525.0000000000       15.5363855080       -0.0004797102
      526.0000000000       14.5930286634       -0.0004215135
      527.0000000000       13.7067891031       -0.0003703612
      528.0000000000       12.8742375703       -0.0003254037
      529.0000000000       12.0921474882       -0.0002858933
      530.0000000000       11.3574832873       -0.0002511721
      531.0000000000       10.6673893775       -0.0002206613
      532.0000000000       10.0191797319       -0.0001938517
      533.0000000000        9.4103280505       -0.0001702955
      534.0000000000        8.8384584737       -0.0001495989
      535.0000000000        8.3013368161       -0.0001314155
      536.0000000000        7.7968622939       -0.0001154407
      537.0000000000        7.3230597189       -0.0001014067
      538.0000000000        6.8780721350       -0.0000890781
      539.0000000000        6.4601538728       -0.0000782481
      540.0000000000        6.0676639995       -0.0000687346
      541.0000000000        5.6990601438       -0.0000603779
      542.0000000000        5.3528926743       -0.0000530374
      543.0000000000        5.0277992123       -0.0000465896
      544.0000000000        4.7224994610       -0.0000409261
      545.0000000000        4.4357903330       -0.0000359515
      546.0000000000        4.1665413606       -0.0000315820
      547.0000000000        3.9136903715       -0.0000277441
      548.0000000000        3.6762394174       -0.0000243730
      549.0000000000        3.4532509383       -0.0000214120
      550.0000000000        3.2438441530       -0.0000188112
      551.0000000000        3.0471916591       -0.0000165268
      552.0000000000        2.8625162338       -0.0000145202
      553.0000000000        2.6890878219       -0.0000127577
      554.0000000000        2.5262207022       -0.0000112094
      555.0000000000        2.3732708205       -0.0000098495
      556.0000000000        2.2296332802       -0.0000086548
      557.0000000000        2.0947399819       -0.0000076054
      558.0000000000        1.9680574034       -0.0000066835
      559.0000000000        1.8490845103       -0.0000058736
      560.0000000000        1.7373507927       -0.0000051621
      561.0000000000        1.6324144177       -0.0000045370
      562.0000000000        1.5338604926       -0.0000039878
      563.0000000000        1.4412994319       -0.0000035053
      564.0000000000        1.3543654224       -0.0000030813
      565.0000000000        1.2727149798       -0.0000027088
      566.0000000000        1.1960255923       -0.0000023814
      567.0000000000        1.1239944454       -0.0000020938
      568.0000000000        1.0563372239       -0.0000018410
      569.0000000000        0.9927869859       -0.0000016188
      570.0000000000        0.9330931041       -0.0000014235
      571.0000000000        0.8770202722       -0.0000012519
      572.0000000000        0.8243475703       -0.0000011011
      573.0000000000        0.7748675873       -0.0000009684
      574.0000000000        0.7283855965       -0.0000008519
      575.0000000000        0.6847187812       -0.0000007494
      576.0000000000        0.6436955066       -0.0000006593
      577.0000000000        0.6051546369       -0.0000005801
      578.0000000000        0.5689448935       -0.0000005104
      579.0000000000        0.5349242518       -0.0000004491
      580.0000000000        0.5029593753       -0.0000003953
      581.0000000000        0.4729250840       -0.0000003479
      582.0000000000        0.4447038549       -0.0000003062
      583.0000000000        0.4181853535       -0.0000002695
      584.0000000000        0.3932659933       -0.0000002373
      585.0000000000        0.3698485227       -0.0000002089
      586.0000000000        0.3478416366       -0.0000001839
      587.0000000000        0.3271596125       -0.0000001620
      588.0000000000        0.3077219680       -0.0000001427
      589.0000000000        0.2894531398       -0.0000001256
      590.0000000000        0.2722821822       -0.0000001107
      591.0000000000        0.2561424841       -0.0000000975
      592.0000000000        0.2409715032       -0.0000000859
      593.0000000000        0.2267105166       -0.0000000757
      594.0000000000        0.2133043867       -0.0000000667
      595.0000000000        0.2007013413       -0.0000000588
      596.0000000000        0.1888527675       -0.0000000518
      597.0000000000        0.1777130179       -0.0000000457
      598.0000000000        0.1672392288       -0.0000000403
      599.0000000000        0.1573911499       -0.0000000355
